00 00 00 00 00 00 00 00 b0 10 00 00 00 00 00 00 
c0 3e 00 00 00 00 00 00 00 00 00 00 00 00 00 00 
c0 40 00 00 00 00 00 00 00 00 00 00 94 45 00 00 
80 30 00 00 80 41 00 00 00 00 00 00 00 00 00 00 
68 46 00 00 40 31 00 00 30 41 00 00 00 00 00 00 
00 00 00 00 7c 46 00 00 f0 30 00 00 d8 41 00 00 
00 00 00 00 00 00 00 00 8e 48 00 00 98 31 00 00 
90 41 00 00 00 00 00 00 00 00 00 00 b0 48 00 00 
50 31 00 00 c8 41 00 00 00 00 00 00 00 00 00 00 
d0 48 00 00 88 31 00 00 80 42 00 00 00 00 00 00 
00 00 00 00 f0 48 00 00 40 32 00 00 b8 41 00 00 
00 00 00 00 00 00 00 00 10 49 00 00 78 31 00 00 
40 40 00 00 00 00 00 00 00 00 00 00 90 4a 00 00 
00 30 00 00 00 00 00 00 00 00 00 00 00 00 00 00 
00 00 00 00 00 00 00 00 00 00 00 00 32 49 00 00 
00 00 00 00 38 4a 00 00 00 00 00 00 52 4a 00 00 
00 00 00 00 68 4a 00 00 00 00 00 00 7c 4a 00 00 
00 00 00 00 0c 4a 00 00 00 00 00 00 f2 49 00 00 
00 00 00 00 d6 49 00 00 00 00 00 00 c2 49 00 00 
00 00 00 00 ae 49 00 00 00 00 00 00 90 49 00 00 
00 00 00 00 74 49 00 00 00 00 00 00 60 49 00 00 
00 00 00 00 46 49 00 00 00 00 00 00 22 4a 00 00 
00 00 00 00 00 00 00 00 00 00 00 00 20 45 00 00 
00 00 00 00 de 44 00 00 00 00 00 00 9a 44 00 00 
00 00 00 00 98 42 00 00 00 00 00 00 56 44 00 00 
00 00 00 00 1a 44 00 00 00 00 00 00 da 43 00 00 
00 00 00 00 92 43 00 00 00 00 00 00 54 43 00 00 
00 00 00 00 32 43 00 00 00 00 00 00 f6 42 00 00 
00 00 00 00 d4 42 00 00 00 00 00 00 74 45 00 00 
00 00 00 00 00 00 00 00 00 00 00 00 40 46 00 00 
00 00 00 00 2a 46 00 00 00 00 00 00 14 46 00 00 
00 00 00 00 fc 45 00 00 00 00 00 00 d2 45 00 00 
00 00 00 00 9e 4a 00 00 00 00 00 00 b8 45 00 00 
00 00 00 00 5e 46 00 00 00 00 00 00 ea 45 00 00 
00 00 00 00 00 00 00 00 00 00 00 00 a2 45 00 00 
00 00 00 00 00 00 00 00 00 00 00 00 34 48 00 00 
00 00 00 00 be 46 00 00 00 00 00 00 ca 46 00 00 
00 00 00 00 14 48 00 00 00 00 00 00 00 00 00 00 
00 00 00 00 fe 47 00 00 00 00 00 00 00 00 00 00 
00 00 00 00 f6 46 00 00 00 00 00 00 00 00 00 00 
00 00 00 00 74 48 00 00 00 00 00 00 58 48 00 00 
00 00 00 00 82 48 00 00 00 00 00 00 c6 47 00 00 
00 00 00 00 74 47 00 00 00 00 00 00 d0 47 00 00 
00 00 00 00 bc 47 00 00 00 00 00 00 8a 47 00 00 
00 00 00 00 82 47 00 00 00 00 00 00 68 47 00 00 
00 00 00 00 46 47 00 00 00 00 00 00 24 47 00 00 
00 00 00 00 0a 47 00 00 00 00 00 00 3c 48 00 00 
00 00 00 00 e6 46 00 00 00 00 00 00 d4 46 00 00 
00 00 00 00 ae 47 00 00 00 00 00 00 a0 47 00 00 
00 00 00 00 98 46 00 00 00 00 00 00 8e 46 00 00 
00 00 00 00 00 00 00 00 00 00 00 00 24 48 00 00 
00 00 00 00 92 47 00 00 00 00 00 00 00 00 00 00 
00 00 00 00 b4 02 3f 63 6f 75 74 40 73 74 64 40 
40 33 56 3f 24 62 61 73 69 63 5f 6f 73 74 72 65 
61 6d 40 44 55 3f 24 63 68 61 72 5f 74 72 61 69 
74 73 40 44 40 73 74 64 40 40 40 31 40 41 00 00 
1e 05 3f 75 6e 63 61 75 67 68 74 5f 65 78 63 65 
70 74 69 6f 6e 40 73 74 64 40 40 59 41 5f 4e 58 
5a 00 a2 02 3f 63 65 72 72 40 73 74 64 40 40 33 
56 3f 24 62 61 73 69 63 5f 6f 73 74 72 65 61 6d 
40 44 55 3f 24 63 68 61 72 5f 74 72 61 69 74 73 
40 44 40 73 74 64 40 40 40 31 40 41 00 00 8e 02 
3f 5f 58 6c 65 6e 67 74 68 5f 65 72 72 6f 72 40 
73 74 64 40 40 59 41 58 50 45 42 44 40 5a 00 00 
44 02 3f 5f 4f 73 66 78 40 3f 24 62 61 73 69 63 
5f 6f 73 74 72 65 61 6d 40 44 55 3f 24 63 68 61 
72 5f 74 72 61 69 74 73 40 44 40 73 74 64 40 40 
40 73 74 64 40 40 51 45 41 41 58 58 5a 00 e1 04 
3f 73 70 75 74 6e 40 3f 24 62 61 73 69 63 5f 73 
74 72 65 61 6d 62 75 66 40 44 55 3f 24 63 68 61 
72 5f 74 72 61 69 74 73 40 44 40 73 74 64 40 40 
40 73 74 64 40 40 51 45 41 41 5f 4a 50 45 42 44 
5f 4a 40 5a 00 00 c5 04 3f 73 65 74 73 74 61 74 
65 40 3f 24 62 61 73 69 63 5f 69 6f 73 40 44 55 
3f 24 63 68 61 72 5f 74 72 61 69 74 73 40 44 40 
73 74 64 40 40 40 73 74 64 40 40 51 45 41 41 58 
48 5f 4e 40 5a 00 34 05 3f 77 69 64 65 6e 40 3f 
24 62 61 73 69 63 5f 69 6f 73 40 44 55 3f 24 63 
68 61 72 5f 74 72 61 69 74 73 40 44 40 73 74 64 
40 40 40 73 74 64 40 40 51 45 42 41 44 44 40 5a 
00 00 61 04 3f 70 75 74 40 3f 24 62 61 73 69 63 
5f 6f 73 74 72 65 61 6d 40 44 55 3f 24 63 68 61 
72 5f 74 72 61 69 74 73 40 44 40 73 74 64 40 40 
40 73 74 64 40 40 51 45 41 41 41 45 41 56 31 32 
40 44 40 5a 00 00 68 03 3f 66 6c 75 73 68 40 3f 
24 62 61 73 69 63 5f 6f 73 74 72 65 61 6d 40 44 
55 3f 24 63 68 61 72 5f 74 72 61 69 74 73 40 44 
40 73 74 64 40 40 40 73 74 64 40 40 51 45 41 41 
41 45 41 56 31 32 40 58 5a 00 de 04 3f 73 70 75 
74 63 40 3f 24 62 61 73 69 63 5f 73 74 72 65 61 
6d 62 75 66 40 44 55 3f 24 63 68 61 72 5f 74 72 
61 69 74 73 40 44 40 73 74 64 40 40 40 73 74 64 
40 40 51 45 41 41 48 44 40 5a 00 00 06 01 3f 3f 
36 3f 24 62 61 73 69 63 5f 6f 73 74 72 65 61 6d 
40 44 55 3f 24 63 68 61 72 5f 74 72 61 69 74 73 
40 44 40 73 74 64 40 40 40 73 74 64 40 40 51 45 
41 41 41 45 41 56 30 31 40 50 36 41 41 45 41 56 
30 31 40 41 45 41 56 30 31 40 40 5a 40 5a 00 00 
c5 03 3f 67 6f 6f 64 40 69 6f 73 5f 62 61 73 65 
40 73 74 64 40 40 51 45 42 41 5f 4e 58 5a 00 00 
4d 53 56 43 50 31 34 30 2e 64 6c 6c 00 00 00 00 
5f 5f 43 78 78 46 72 61 6d 65 48 61 6e 64 6c 65 
72 34 00 00 22 00 5f 5f 73 74 64 5f 65 78 63 65 
70 74 69 6f 6e 5f 64 65 73 74 72 6f 79 00 21 00 
5f 5f 73 74 64 5f 65 78 63 65 70 74 69 6f 6e 5f 
63 6f 70 79 00 00 23 00 5f 5f 73 74 64 5f 74 65 
72 6d 69 6e 61 74 65 00 08 00 5f 5f 43 5f 73 70 
65 63 69 66 69 63 5f 68 61 6e 64 6c 65 72 00 00 
01 00 5f 43 78 78 54 68 72 6f 77 45 78 63 65 70 
74 69 6f 6e 00 00 1b 00 5f 5f 63 75 72 72 65 6e 
74 5f 65 78 63 65 70 74 69 6f 6e 00 1c 00 5f 5f 
63 75 72 72 65 6e 74 5f 65 78 63 65 70 74 69 6f 
6e 5f 63 6f 6e 74 65 78 74 00 3e 00 6d 65 6d 73 
65 74 00 00 56 43 52 55 4e 54 49 4d 45 31 34 30 
5f 31 2e 64 6c 6c 00 00 56 43 52 55 4e 54 49 4d 
45 31 34 30 2e 64 6c 6c 00 00 66 00 73 79 73 74 
65 6d 00 00 39 00 5f 69 6e 76 61 6c 69 64 5f 70 
61 72 61 6d 65 74 65 72 5f 6e 6f 69 6e 66 6f 5f 
6e 6f 72 65 74 75 72 6e 00 00 08 00 5f 63 61 6c 
6c 6e 65 77 68 00 19 00 6d 61 6c 6c 6f 63 00 00 
40 00 5f 73 65 68 5f 66 69 6c 74 65 72 5f 65 78 
65 00 42 00 5f 73 65 74 5f 61 70 70 5f 74 79 70 
65 00 09 00 5f 5f 73 65 74 75 73 65 72 6d 61 74 
68 65 72 72 00 00 18 00 5f 63 6f 6e 66 69 67 75 
72 65 5f 6e 61 72 72 6f 77 5f 61 72 67 76 00 00 
33 00 5f 69 6e 69 74 69 61 6c 69 7a 65 5f 6e 61 
72 72 6f 77 5f 65 6e 76 69 72 6f 6e 6d 65 6e 74 
00 00 28 00 5f 67 65 74 5f 69 6e 69 74 69 61 6c 
5f 6e 61 72 72 6f 77 5f 65 6e 76 69 72 6f 6e 6d 
65 6e 74 00 36 00 5f 69 6e 69 74 74 65 72 6d 00 
37 00 5f 69 6e 69 74 74 65 72 6d 5f 65 00 55 00 
65 78 69 74 00 00 23 00 5f 65 78 69 74 00 54 00 
5f 73 65 74 5f 66 6d 6f 64 65 00 00 04 00 5f 5f 
70 5f 5f 5f 61 72 67 63 00 00 05 00 5f 5f 70 5f 
5f 5f 61 72 67 76 00 00 16 00 5f 63 65 78 69 74 
00 00 15 00 5f 63 5f 65 78 69 74 00 3d 00 5f 72 
65 67 69 73 74 65 72 5f 74 68 72 65 61 64 5f 6c 
6f 63 61 6c 5f 65 78 65 5f 61 74 65 78 69 74 5f 
63 61 6c 6c 62 61 63 6b 00 00 08 00 5f 63 6f 6e 
66 69 67 74 68 72 65 61 64 6c 6f 63 61 6c 65 00 
16 00 5f 73 65 74 5f 6e 65 77 5f 6d 6f 64 65 00 
01 00 5f 5f 70 5f 5f 63 6f 6d 6d 6f 64 65 00 00 
18 00 66 72 65 65 00 00 34 00 5f 69 6e 69 74 69 
61 6c 69 7a 65 5f 6f 6e 65 78 69 74 5f 74 61 62 
6c 65 00 00 3c 00 5f 72 65 67 69 73 74 65 72 5f 
6f 6e 65 78 69 74 5f 66 75 6e 63 74 69 6f 6e 00 
1e 00 5f 63 72 74 5f 61 74 65 78 69 74 00 67 00 
74 65 72 6d 69 6e 61 74 65 00 61 70 69 2d 6d 73 
2d 77 69 6e 2d 63 72 74 2d 72 75 6e 74 69 6d 65 
2d 6c 31 2d 31 2d 30 2e 64 6c 6c 00 61 70 69 2d 
6d 73 2d 77 69 6e 2d 63 72 74 2d 68 65 61 70 2d 
6c 31 2d 31 2d 30 2e 64 6c 6c 00 00 61 70 69 2d 
6d 73 2d 77 69 6e 2d 63 72 74 2d 6d 61 74 68 2d 
6c 31 2d 31 2d 30 2e 64 6c 6c 00 00 61 70 69 2d 
6d 73 2d 77 69 6e 2d 63 72 74 2d 73 74 64 69 6f 
2d 6c 31 2d 31 2d 30 2e 64 6c 6c 00 61 70 69 2d 
6d 73 2d 77 69 6e 2d 63 72 74 2d 6c 6f 63 61 6c 
65 2d 6c 31 2d 31 2d 30 2e 64 6c 6c 00 00 f5 04 
52 74 6c 43 61 70 74 75 72 65 43 6f 6e 74 65 78 
74 00 fd 04 52 74 6c 4c 6f 6f 6b 75 70 46 75 6e 
63 74 69 6f 6e 45 6e 74 72 79 00 00 04 05 52 74 
6c 56 69 72 74 75 61 6c 55 6e 77 69 6e 64 00 00 
e6 05 55 6e 68 61 6e 64 6c 65 64 45 78 63 65 70 
74 69 6f 6e 46 69 6c 74 65 72 00 00 a4 05 53 65 
74 55 6e 68 61 6e 64 6c 65 64 45 78 63 65 70 74 
69 6f 6e 46 69 6c 74 65 72 00 32 02 47 65 74 43 
75 72 72 65 6e 74 50 72 6f 63 65 73 73 00 c4 05 
54 65 72 6d 69 6e 61 74 65 50 72 6f 63 65 73 73 
00 00 a8 03 49 73 50 72 6f 63 65 73 73 6f 72 46 
65 61 74 75 72 65 50 72 65 73 65 6e 74 00 70 04 
51 75 65 72 79 50 65 72 66 6f 72 6d 61 6e 63 65 
43 6f 75 6e 74 65 72 00 33 02 47 65 74 43 75 72 
72 65 6e 74 50 72 6f 63 65 73 73 49 64 00 37 02 
47 65 74 43 75 72 72 65 6e 74 54 68 72 65 61 64 
49 64 00 00 0a 03 47 65 74 53 79 73 74 65 6d 54 
69 6d 65 41 73 46 69 6c 65 54 69 6d 65 00 8a 03 
49 6e 69 74 69 61 6c 69 7a 65 53 4c 69 73 74 48 
65 61 64 00 a0 03 49 73 44 65 62 75 67 67 65 72 
50 72 65 73 65 6e 74 00 95 02 47 65 74 4d 6f 64 
75 6c 65 48 61 6e 64 6c 65 57 00 00 4b 45 52 4e 
45 4c 33 32 2e 64 6c 6c 00 00 3c 00 6d 65 6d 63 
70 79 00 00 00 00 00 00 00 00 00 00 00 00 00 00 
00 00 00 00 00 00 00 00 00 00 00 00 00 00 00 00 
00 00 00 00 00 00 00 00 00 00 00 00 00 00 00 00 
00 00 00 00 00 00 00 00 00 00 00 00 00 00 00 00 
00 00 00 00 00 00 00 00 00 00 00 00 00 00 00 00 
00 00 00 00 00 00 00 00 00 00 00 00 00 00 00 00 
00 00 00 00 00 00 00 00 00 00 00 00 00 00 00 00 
00 00 00 00 00 00 00 00 00 00 00 00 00 00 00 00 
00 00 00 00 00 00 00 00 00 00 00 00 00 00 00 00 
00 00 00 00 00 00 00 00 00 00 00 00 00 00 00 00 
00 00 00 00 00 00 00 00 00 00 00 00 00 00 00 00 
00 00 00 00 00 00 00 00 00 00 00 00 00 00 00 00 
00 00 00 00 00 00 00 00 00 00 00 00 00 00 00 00 
00 00 00 00 00 00 00 00 00 00 00 00 00 00 00 00 
00 00 00 00 00 00 00 00 00 00 00 00 00 00 00 00 
00 00 00 00 00 00 00 00 00 00 00 00 00 00 00 00 
00 00 00 00 00 00 00 00 00 00 00 00 00 00 00 00 
00 00 00 00 00 00 00 00 00 00 00 00 00 00 00 00 
00 00 00 00 00 00 00 00 00 00 00 00 00 00 00 00 
00 00 00 00 00 00 00 00 00 00 00 00 00 00 00 00 
00 00 00 00 00 00 00 00 00 00 00 00 00 00 00 00 
00 00 00 00 00 00 00 00 00 00 00 00 32 a2 df 2d 
99 2b 00 00 00 00 00 00 00 00 00 00 00 00 00 00 
00 00 00 00 00 00 00 00 00 00 00 00 00 00 00 00 
00 00 00 00 00 00 00 00 00 00 00 00 00 00 00 00 
00 00 00 00 00 00 00 00 00 00 00 00 cd 5d 20 d2 
66 d4 ff ff ff ff ff ff 01 00 00 00 ff ff ff ff 
ff ff ff ff 01 00 00 00 02 00 00 00 00 00 08 00 
00 00 00 00 00 00 00 02 00 00 00 00 01 00 00 00 
00 00 00 00 f8 32 00 40 01 00 00 00 00 00 00 00 
00 00 00 00 2e 3f 41 56 62 61 64 5f 61 6c 6c 6f 
63 40 73 74 64 40 40 00 00 00 00 00 f8 32 00 40 
01 00 00 00 00 00 00 00 00 00 00 00 2e 3f 41 56 
65 78 63 65 70 74 69 6f 6e 40 73 74 64 40 40 00 
00 00 00 00 f8 32 00 40 01 00 00 00 00 00 00 00 
00 00 00 00 2e 3f 41 56 62 61 64 5f 61 72 72 61 
79 5f 6e 65 77 5f 6c 65 6e 67 74 68 40 73 74 64 
40 40 00 00 f8 32 00 40 01 00 00 00 00 00 00 00 
00 00 00 00 2e 3f 41 56 74 79 70 65 5f 69 6e 66 
6f 40 40 00 00 00 00 00 00 00 00 00 00 00 00 00 
00 00 00 00 00 00 00 00 00 00 00 00 00 00 00 00 
00 00 00 00 00 00 00 00 00 00 00 00 00 00 00 00 
00 00 00 00 00 00 00 00 00 00 00 00 00 00 00 00 
00 00 00 00 00 00 00 00 00 00 00 00 00 00 00 00 
00 00 00 00 00 00 00 00 00 00 00 00 00 00 00 00 
00 00 00 00 00 00 00 00 00 00 00 00 00 00 00 00 
00 00 00 00 00 00 00 00 00 00 00 00 00 00 00 00 
00 00 00 00 00 00 00 00 00 00 00 00 00 00 00 00 
00 00 00 00 00 00 00 00 00 00 00 00 00 00 00 00 
00 00 00 00 00 00 00 00 00 00 00 00 00 00 00 00 
00 00 00 00 00 00 00 00 00 00 00 00 00 00 00 00 
00 00 00 00 00 00 00 00 00 00 00 00 00 00 00 00 
00 00 00 00 00 00 00 00 00 00 00 00 00 00 00 00 
00 00 00 00 00 00 00 00 00 00 00 00 00 10 00 00 
33 10 00 00 30 3c 00 00 60 10 00 00 a3 10 00 00 
38 3c 00 00 00 11 00 00 20 11 00 00 44 3c 00 00 
20 11 00 00 5d 11 00 00 30 3c 00 00 60 11 00 00 
9d 11 00 00 30 3c 00 00 a0 11 00 00 b2 11 00 00 
4c 3c 00 00 c0 11 00 00 bf 13 00 00 54 3c 00 00 
c0 13 00 00 af 14 00 00 94 3c 00 00 b0 14 00 00 
0f 15 00 00 30 3c 00 00 10 15 00 00 e5 16 00 00 
bc 3c 00 00 f0 16 00 00 29 17 00 00 30 3c 00 00 
30 17 00 00 6e 17 00 00 20 3d 00 00 70 17 00 00 
94 17 00 00 44 3d 00 00 a0 17 00 00 58 19 00 00 
5c 3d 00 00 70 19 00 00 8e 19 00 00 a8 3d 00 00 
90 19 00 00 cc 19 00 00 30 3c 00 00 d4 19 00 00 
ff 19 00 00 30 3c 00 00 00 1a 00 00 b6 1a 00 00 
30 3c 00 00 b8 1a 00 00 c8 1a 00 00 4c 3c 00 00 
c8 1a 00 00 e1 1a 00 00 4c 3c 00 00 e4 1a 00 00 
60 1c 00 00 ac 3d 00 00 60 1c 00 00 72 1c 00 00 
4c 3c 00 00 74 1c 00 00 a8 1c 00 00 30 3c 00 00 
a8 1c 00 00 7b 1d 00 00 ec 3d 00 00 7c 1d 00 00 
ed 1d 00 00 f4 3d 00 00 10 1e 00 00 30 1e 00 00 
44 3c 00 00 38 1e 00 00 71 1e 00 00 4c 3c 00 00 
74 1e 00 00 ae 1e 00 00 4c 3c 00 00 b0 1e 00 00 
3b 1f 00 00 30 3c 00 00 3c 1f 00 00 d4 1f 00 00 
00 3e 00 00 d4 1f 00 00 f8 1f 00 00 30 3c 00 00 
f8 1f 00 00 21 20 00 00 30 3c 00 00 24 20 00 00 
5e 20 00 00 30 3c 00 00 60 20 00 00 77 20 00 00 
4c 3c 00 00 78 20 00 00 24 21 00 00 28 3e 00 00 
60 21 00 00 7b 21 00 00 4c 3c 00 00 a0 21 00 00 
e8 22 00 00 34 3e 00 00 f0 22 00 00 41 23 00 00 
4c 3c 00 00 54 23 00 00 af 23 00 00 38 3c 00 00 
b0 23 00 00 ec 23 00 00 38 3c 00 00 ec 23 00 00 
28 24 00 00 38 3c 00 00 28 24 00 00 f2 26 00 00 
44 3e 00 00 c8 27 00 00 47 28 00 00 64 3e 00 00 
48 28 00 00 a3 28 00 00 7c 3e 00 00 c0 28 00 00 
c2 28 00 00 58 3e 00 00 e0 28 00 00 e6 28 00 00 
60 3e 00 00 28 29 00 00 63 29 00 00 18 3d 00 00 
63 29 00 00 81 29 00 00 e4 3d 00 00 81 29 00 00 
99 29 00 00 20 3e 00 00 00 00 00 00 00 00 00 00 
00 00 00 00 00 00 00 00 00 00 00 00 00 00 00 00 
00 00 00 00 00 00 00 00 00 00 00 00 00 00 00 00 
00 00 00 00 00 00 00 00 00 00 00 00 00 00 00 00 
00 00 00 00 00 00 00 00 00 00 00 00 00 00 00 00 
00 00 00 00 00 00 00 00 00 00 00 00 00 00 00 00 
00 00 00 00 00 00 00 00 00 00 00 00 00 00 00 00 
00 00 00 00 00 00 00 00 00 00 00 00 00 00 00 00 
00 00 00 00 00 00 00 00 00 00 00 00 00 00 00 00 
00 00 00 00 00 00 00 00 00 00 00 00 00 00 00 00 
00 00 00 00 00 00 00 00 00 00 00 00 00 00 00 00 
00 00 00 00 00 00 00 00 00 00 00 00 00 00 00 00 
00 00 00 00 00 00 00 00 00 00 00 00 00 00 00 00 
00 00 00 00 00 00 00 00 00 00 00 00 00 00 00 00 
00 00 00 00 00 00 00 00 00 00 00 00 00 00 00 00 
00 00 00 00 00 00 00 00 00 00 00 00 00 00 00 00 
00 00 00 00 00 00 00 00 00 00 00 00 00 00 00 00 
00 00 00 00 00 00 00 00 00 00 00 00 00 00 00 00 
00 00 00 00 00 00 00 00 00 00 00 00 00 00 00 00 
00 00 00 00 00 00 00 00 00 00 00 00 00 00 00 00 
00 00 00 00 00 00 00 00 00 00 00 00 00 00 00 00 
00 00 00 00 00 00 00 00 00 00 00 00 00 00 00 00 
00 00 00 00 00 00 00 00 00 00 00 00 00 00 00 00 
00 00 00 00 00 00 00 00 00 00 00 00 00 00 00 00 
00 00 00 00 00 00 00 00 00 00 00 00 00 00 00 00 
00 00 00 00 00 00 00 00 00 00 00 00 00 00 00 00 
00 00 00 00 00 00 00 00 00 00 00 00 00 00 00 00 
00 00 00 00 00 00 00 00 00 00 00 00 00 00 00 00 
00 00 00 00 00 00 00 00 00 00 01 00 18 00 00 00 
18 00 00 80 00 00 00 00 00 00 00 00 00 00 00 00 
00 00 01 00 01 00 00 00 30 00 00 80 00 00 00 00 
00 00 00 00 00 00 00 00 00 00 01 00 09 04 00 00 
48 00 00 00 60 70 00 00 7d 01 00 00 00 00 00 00 
00 00 00 00 00 00 00 00 00 00 00 00 3c 3f 78 6d 
6c 20 76 65 72 73 69 6f 6e 3d 27 31 2e 30 27 20 
65 6e 63 6f 64 69 6e 67 3d 27 55 54 46 2d 38 27 
20 73 74 61 6e 64 61 6c 6f 6e 65 3d 27 79 65 73 
27 3f 3e 0d 0a 3c 61 73 73 65 6d 62 6c 79 20 78 
6d 6c 6e 73 3d 27 75 72 6e 3a 73 63 68 65 6d 61 
73 2d 6d 69 63 72 6f 73 6f 66 74 2d 63 6f 6d 3a 
61 73 6d 2e 76 31 27 20 6d 61 6e 69 66 65 73 74 
56 65 72 73 69 6f 6e 3d 27 31 2e 30 27 3e 0d 0a 
20 20 3c 74 72 75 73 74 49 6e 66 6f 20 78 6d 6c 
6e 73 3d 22 75 72 6e 3a 73 63 68 65 6d 61 73 2d 
6d 69 63 72 6f 73 6f 66 74 2d 63 6f 6d 3a 61 73 
6d 2e 76 33 22 3e 0d 0a 20 20 20 20 3c 73 65 63 
75 72 69 74 79 3e 0d 0a 20 20 20 20 20 20 3c 72 
65 71 75 65 73 74 65 64 50 72 69 76 69 6c 65 67 
65 73 3e 0d 0a 20 20 20 20 20 20 20 20 3c 72 65 
71 75 65 73 74 65 64 45 78 65 63 75 74 69 6f 6e 
4c 65 76 65 6c 20 6c 65 76 65 6c 3d 27 61 73 49 
6e 76 6f 6b 65 72 27 20 75 69 41 63 63 65 73 73 
3d 27 66 61 6c 73 65 27 20 2f 3e 0d 0a 20 20 20 
20 20 20 3c 2f 72 65 71 75 65 73 74 65 64 50 72 
69 76 69 6c 65 67 65 73 3e 0d 0a 20 20 20 20 3c 
2f 73 65 63 75 72 69 74 79 3e 0d 0a 20 20 3c 2f 
74 72 75 73 74 49 6e 66 6f 3e 0d 0a 3c 2f 61 73 
73 65 6d 62 6c 79 3e 0d 0a 00 00 00 00 00 00 00 
00 00 00 00 00 00 00 00 00 00 00 00 00 00 00 00 
00 00 00 00 00 00 00 00 00 00 00 00 00 30 00 00 
48 00 00 00 58 a2 60 a2 68 a2 70 a2 78 a2 88 a2 
98 a2 b0 a2 b8 a2 f0 a2 f8 a2 00 a3 08 a3 10 a3 
18 a3 20 a3 28 a3 30 a3 38 a3 50 a3 58 a3 60 a3 
18 a5 30 a5 38 a5 c0 a5 d8 a5 e0 a5 e8 a5 f0 a5 
f8 a5 00 00 00 50 00 00 10 00 00 00 78 a0 a0 a0 
c8 a0 f8 a0 00 00 00 00 00 00 00 00 00 00 00 00 
00 00 00 00 00 00 00 00 00 00 00 00 00 00 00 00 
00 00 00 00 00 00 00 00 00 00 00 00 00 00 00 00 
00 00 00 00 00 00 00 00 00 00 00 00 00 00 00 00 
00 00 00 00 00 00 00 00 00 00 00 00 00 00 00 00 
00 00 00 00 00 00 00 00 00 00 00 00 00 00 00 00 
00 00 00 00 00 00 00 00 00 00 00 00 00 00 00 00 
00 00 00 00 00 00 00 00 00 00 00 00 00 00 00 00 
00 00 00 00 00 00 00 00 00 00 00 00 00 00 00 00 
00 00 00 00 00 00 00 00 00 00 00 00 00 00 00 00 
00 00 00 00 00 00 00 00 00 00 00 00 00 00 00 00 
00 00 00 00 00 00 00 00 00 00 00 00 00 00 00 00 
00 00 00 00 00 00 00 00 00 00 00 00 00 00 00 00 
00 00 00 00 00 00 00 00 00 00 00 00 00 00 00 00 
00 00 00 00 00 00 00 00 00 00 00 00 00 00 00 00 
00 00 00 00 00 00 00 00 00 00 00 00 00 00 00 00 
00 00 00 00 00 00 00 00 00 00 00 00 00 00 00 00 
00 00 00 00 00 00 00 00 00 00 00 00 00 00 00 00 
00 00 00 00 00 00 00 00 00 00 00 00 00 00 00 00 
00 00 00 00 00 00 00 00 00 00 00 00 00 00 00 00 
00 00 00 00 00 00 00 00 00 00 00 00 00 00 00 00 
00 00 00 00 00 00 00 00 00 00 00 00 00 00 00 00 
00 00 00 00 00 00 00 00 00 00 00 00 00 00 00 00 
00 00 00 00 00 00 00 00 00 00 00 00 00 00 00 00 
00 00 00 00 00 00 00 00 00 00 00 00 00 00 00 00 
00 00 00 00 00 00 00 00 00 00 00 00 00 00 00 00 
00 00 00 00 00 00 00 00 00 00 00 00 